3116.1
2440.1
2080.2
1925.4
1846.2
1797.0
1753.2
1720.9
1692.1
1657.0
1637.2
1613.4
1607.9
1589.9
1570.1
1543.9
1520.3
1503.8
1487.1
1465.6
1455.5
1452.6
1422.9
1411.8
1390.7
1391.9
1366.2
1353.1
1351.1
1344.0
1320.7
1313.8
1300.5
1297.7
1289.9
1285.4
1265.5
1260.0
1261.5
1239.3
1245.5
1244.8
1241.1
1224.4
1220.2
1225.1
1213.3
1219.0
1205.5
1196.8
1201.2
1192.3
1189.5
1188.8
1179.7
1191.7
1180.2
1173.4
1168.8
1172.6
1167.3
1157.3
1165.4
1161.6
1146.7
1151.7
1163.8
1149.8
1145.5
1145.4
1136.9
1133.1
1124.3
1128.4
1125.9
1123.9
1127.5
1117.5
1119.0
1111.4
1106.8
1112.5
1101.1
1119.6
1109.1
1109.4
1096.6
1103.0
1105.7
1090.2
1090.4
1092.1
1106.1
1100.4
1101.9
1105.0
1093.8
1092.6
1093.8
1105.3
1094.7
1098.8
1101.8
1086.9
1079.5
1081.6
1090.2
1079.8
1087.4
1097.7
1080.3
1096.8
1088.3
1082.9
1083.6
1075.5
1081.7
1078.8
1078.1
1082.5
1074.0
1082.1
1077.6
1073.4
1076.5
1077.9
1073.5
1071.8
1067.1
1075.7
1071.9
1070.4
1073.4
1078.2
1070.1
1069.7
1076.3
1074.3
1068.0
1076.8
1072.2
1079.5
1082.7
1069.3
1063.5
1064.8
1083.6
1062.6
1067.8
1063.9
1075.3
1062.7
1068.4
1063.8
1074.9
1071.0
1067.0
1066.1
1062.1
1069.6
1078.7
1069.3
1065.7
1069.5
1071.1
1069.7
1073.2
1086.1
1065.1
1074.0
1074.7
1063.5
1068.1
1073.2
1070.2
1067.9
1067.6
1061.5
1065.9
1064.9
1060.0
1064.6
1065.2
1068.1
1061.3
1066.6
1061.5
1060.1
1059.6
1069.4
1065.1
1064.8
1065.2
1067.3
1068.8
1062.0
1065.2
1060.9
1067.8
1066.0
1063.4
1067.8
1062.3
1059.8
1059.7
1065.2
1064.1
1066.0
1061.9
1063.3
1062.2
1060.2
1055.5
1062.0
1057.1
1065.5
1073.9
1062.0
1065.6
1063.8
1064.6
1060.7
1057.7
1061.8
1057.6
1062.2
1063.0
1059.8
1064.8
1059.0
1064.0
1065.1
1066.7
1066.1
1062.9
1065.9
1058.3
1061.4
1061.9
1062.8
1059.0
1070.3
1065.0
1066.0
1057.1
1058.6
1064.4
1060.3
1060.4
1080.1
1064.2
1066.6
1067.4
1068.6
1068.5
1058.5
1069.0
1069.4
1065.2
1058.2
1056.6
1063.4
1069.0
1065.4
1069.5
1060.6
1057.6
1060.3
1060.4
1061.7
1067.7
1074.2
1068.1
1075.3
1065.5
1082.8
1063.9
1067.9
1065.7
1073.8
1069.8
1065.7
1065.4
1068.7
1068.5
1061.3
1078.5
1066.0
1068.8
1082.0
1057.5
1060.9
1069.8
1067.2
1062.9
1057.4
1063.4
1063.6
1063.6
1070.7
1069.6
1063.3
1066.0
1063.2
1062.9
1086.3
1066.8
1061.1
1066.7
1066.8
1066.7
1078.7
1065.2
1074.2
1068.2
1072.0
1083.0
1073.6
1073.4
1070.1
1072.1
1071.9
1072.8
1072.2
1070.7
1067.0
1080.4
1066.4
1069.9
1080.2
1095.1
1068.6
1076.4
1071.2
1072.8
1076.7
1068.2
1077.6
1081.7
1067.0
1076.6
1080.0
1071.4
1075.2
1065.9
1074.9
1078.6
1084.4
1074.7
1074.5
1076.6
1088.0
1071.0
1077.7
1081.1
1071.3
1083.9
1092.6
1071.5
1077.9
1074.4
1075.1
1075.6
1083.5
1082.7
1086.9
1073.1
1083.3
1085.4
1078.5
1082.4
1072.8
1074.8
1078.1
1075.3
1084.0
1078.5
1075.9
1082.3
1078.2
1073.5
1073.9
1094.6
1079.3
1075.1
1074.0
1078.6
1086.7
1076.1
1078.9
1079.0
1076.8
1080.2
1084.2
1083.1
1084.6
1081.1
1083.2
1091.9
1079.1
1073.0
1079.5
1080.8
1081.7
1076.6
1083.0
1090.6
1085.0
1079.8
1081.0
1087.0
1078.4
1081.0
1077.8
1101.7
1085.2
1086.7
1081.2
1086.9
1085.5
1086.2
1083.1
1095.4
1084.7
1081.3
1088.0
1082.6
1077.7
1086.0
1087.9
1083.7
1089.1
1090.2
1083.3
1092.1
1096.8
1091.3
1089.5
1088.1
1083.1
1084.0
1084.5
1092.7
1081.4
1084.4
1085.2
1091.5
1094.2
1089.7
1099.4
1090.9
1089.1
1094.5
1092.4
1086.4
1101.5
1094.2
1086.0
1090.2
1099.2
1092.6
1094.4
1097.8
1092.7
1103.3
1085.8
1090.1
1091.2
1089.3
1089.2
1103.3
1092.8
1105.7
1095.3
1093.7
1086.6
1094.0
1093.5
1102.0
1091.8
1092.9
1099.8
1087.3
1088.3
1093.4
1092.9
1108.1
1094.4
1089.2
1085.9
1093.3
1093.0
1099.3
1098.4
1096.9
1099.6
1106.0
1094.0
1104.1
1093.0
1107.5
1099.0
1093.1
1098.6
1103.3
1092.6
1100.5
1107.4
1109.2
1100.6
1087.9
1104.9
1095.6
1104.9
1097.8
1096.5
1097.4
1097.0
1099.3
1102.0
1095.0
1094.3
1102.9
1094.2
1101.9
1100.9
1094.5
1101.1
1094.4
1103.0
1103.3
1105.7
1106.7
1102.5
1101.1
1093.4
1098.0
1098.9
1107.4
1105.2
1099.9
1102.0
1103.0
1098.3
1106.6
1107.2
1100.8
1120.4
1098.2
1098.3
1096.1
1104.2
1094.0
1098.4
1095.7
1100.7
1099.9
1105.9
1109.9
1100.9
1106.3
1102.9
1100.0
1107.5
1097.3
1098.5
1107.3
1106.6
1099.8
1097.0
1107.6
1097.4
1104.7
1112.1
1099.9
1100.9
1099.5
1109.2
1098.1
1095.2
1109.1
1110.3
1105.2
1106.1
1106.2
1111.0
1109.9
1108.5
1105.1
1103.5
1102.4
1105.9
1106.8
1106.9
1104.3
1114.2
1106.8
1113.5
1108.6
1105.3
1104.7
1100.3
1106.9
1105.0
1116.8
1112.2
1108.0
1111.8
1110.2
1103.2
1101.6
1117.3
1108.1
1116.4
1112.1
1123.6
1107.7
1106.1
1110.3
1109.7
1105.6
1117.8
1108.9
1107.6
1117.4
1114.3
1112.2
1124.8
1116.0
1111.8
1109.9
1101.6
1108.7
1113.7
1109.4
1115.4
1116.4
1112.3
1120.4
1118.5
1121.7
1105.1
1132.7
1106.4
1118.5
1107.3
1114.1
1118.8
1116.7
1114.6
1111.0
1118.1
1112.9
1118.8
1111.7
1117.6
1115.7
1114.3
1113.8
1110.3
1114.7
1114.5
1111.7
1111.8
1117.6
1125.0
1121.7
1118.9
1115.8
1130.4
1126.0
1115.8
1111.6
1108.6
1112.5
1119.1
1118.9
1121.3
1118.2
1113.3
1121.2
1116.4
1117.2
1114.7
1120.8
1121.8
1118.0
1117.4
1115.1
1109.1
1121.0
1122.6
1117.3
1119.4
1121.7
1118.3
1119.7
1118.0
1124.0
1112.4
1115.2
1122.5
1128.2
1123.5
1120.5
1124.9
1127.8
1115.5
1117.2
1116.1
1113.0
1115.3
1121.6
1120.3
1113.9
1118.0
1121.9
1122.9
1122.1
1114.7
1113.1
1111.6
1119.4
1120.3
1115.0
1122.4
1114.6
1120.1
1118.5
1122.5
1117.1
1117.7
1112.5
1116.9
1121.0
1121.4
1120.7
1113.6
1114.8
1126.8
1113.3
1115.0
1118.3
1122.6
1128.8
1119.9
1117.4
1124.6
1119.8
1121.2
1120.7
1124.1
1126.3
1118.2
1113.4
1119.7
1111.7
1122.9
1118.8
1116.9
1127.1
1113.1
1122.9
1132.3
1123.0
1121.1
1122.4
1127.0
1119.1
1121.6
1118.2
1128.7
1127.0
1120.5
1129.8
1122.7
1127.1
1135.6
1129.8
1122.5
1121.4
1126.6
1125.1
1131.0
1118.2
1130.5
1123.1
1132.6
1124.4
1127.3
1132.4
1124.9
1125.3
1126.2
1122.0
1133.2
1125.3
1126.6
1124.9
1129.2
1124.1
1121.9
1143.4
1119.4
1128.5
1130.0
1121.7
1125.7
1120.7
1127.6
1125.4
1126.1
1127.1
1121.6
1133.9
1119.8
1127.6
1123.8
1128.9
1126.1
1121.7
1128.1
1126.8
1122.3
1129.0
1128.2
1129.1
1122.3
1128.4
1127.5
1119.4
1121.4
1128.1
1121.8
1134.7
1119.8
1129.0
1124.9
1116.4
1121.7
1117.5
1127.8
1122.8
1120.9
1136.5
1127.1
1131.4
1127.8
1138.3
1135.7
1126.1
1128.4
1121.3
1132.4
1131.8
1131.2
1127.6
1132.7
1127.7
1133.4
1122.4
1123.0
1136.6
1144.5
1121.6
1134.1
1129.5
1134.0
1135.6
1133.8
1129.1
1134.4
1131.2
1127.4
1134.7
1125.2
1124.5
1121.9
1127.1
1127.2
1122.7
1124.7
1118.6
1133.2
1128.6
1121.3
1121.5
1118.5
1120.8
1132.9
1128.4
1129.5
1133.0
1127.6
1131.6
1135.6
1127.3
1131.9
1124.5
1124.0
1125.3
1127.2
1133.4
1120.5
1132.5
1124.6
1131.8
1136.4
1119.1
1123.2
1130.3
1132.4
1125.6
1129.4
1126.8
1130.2
1126.0
1137.5
1137.9
1122.0
1133.0
1133.7
1128.4
1126.8
1137.9
1124.0
1123.5
1131.9
1128.5
1132.7
1127.0
1123.1
1128.4
1123.7
1130.4
1124.8
1125.1
1127.5
1131.4
1127.6
1136.1
1136.1
1130.8
1127.1
1133.6
1134.3
1125.7
1129.6
1126.2
1122.6
1127.0
1126.7
1129.0
1126.5
1125.3
1125.8
1130.8
1129.2
1133.3
1130.4
1129.6
1130.8
1131.2
1124.2
1126.5
1129.9
1132.6
1136.0
1130.0
1134.8
1130.8
1127.5
1124.5
1134.8
1136.4
1140.4
1134.8
1123.8
1125.5
1133.6
1136.2
1135.5
1119.7
1129.9
1126.2
1129.8
1136.0
1126.7
1135.4
1130.0
1125.5
1123.7
1128.0
1129.4
1125.9
1139.3
1125.4
1132.6
1130.4
last val_ppl: 1055.5
last test_ppl: 1099.9