2772.9
2113.0
1825.9
1696.7
1618.9
1571.2
1536.8
1521.6
1504.2
1483.8
1461.7
1447.4
1437.4
1421.9
1412.5
1395.9
1384.9
1364.9
1356.1
1340.6
1331.8
1316.9
1306.6
1305.7
1298.7
1283.8
1280.3
1268.8
1258.6
1258.0
1243.6
1241.4
1234.4
1230.9
1217.4
1212.7
1215.8
1209.0
1207.8
1200.1
1200.1
1196.0
1192.9
1188.4
1183.1
1175.4
1177.3
1184.2
1171.7
1160.0
1167.9
1165.4
1160.8
1158.8
1154.1
1151.7
1150.7
1149.3
1150.1
1146.9
1145.3
1142.9
1138.3
1144.4
1135.6
1135.4
1140.3
1134.2
1126.3
1132.2
1131.5
1125.4
1127.8
1126.4
1126.0
1124.9
1123.3
1116.5
1120.0
1120.6
1119.7
1113.6
1114.3
1112.5
1109.0
1109.9
1112.9
1108.9
1105.5
1105.5
1109.3
1105.4
1100.0
1104.9
1101.7
1096.2
1092.2
1102.9
1093.5
1096.3
1092.0
1093.4
1090.5
1094.8
1092.0
1089.0
1093.0
1092.1
1088.4
1088.7
1091.0
1087.7
1090.6
1085.0
1089.5
1086.0
1086.4
1082.9
1079.3
1079.7
1083.8
1084.8
1085.0
1084.7
1088.6
1079.4
1079.4
1081.9
1078.9
1079.0
1078.4
1084.1
1078.1
1080.2
1077.9
1075.5
1079.0
1074.2
1079.0
1079.2
1079.9
1078.2
1076.7
1076.0
1076.4
1072.7
1074.6
1075.1
1074.3
1076.1
1072.2
1075.1
1070.3
1074.8
1074.4
1078.5
1077.1
1077.3
1077.3
1073.4
1078.1
1074.7
1071.9
1073.2
1071.1
1069.3
1069.6
1069.1
1069.6
1071.2
1067.0
1066.7
1075.7
1065.9
1075.5
1070.6
1067.3
1067.5
1069.3
1073.4
1075.5
1074.8
1071.6
1069.8
1069.8
1069.5
1069.7
1070.0
1070.2
1071.7
1071.0
1075.0
1072.5
1070.2
1074.1
1071.6
1072.4
1073.6
1075.1
1068.6
1074.6
1071.7
1073.7
1071.4
1072.1
1072.9
1071.9
1073.4
1069.6
1073.4
1073.0
1065.8
1071.1
1076.5
1075.2
1073.5
1072.5
1073.1
1072.4
1073.1
1072.1
1075.1
1069.6
1070.0
1074.2
1071.8
1073.6
1078.6
1074.0
1072.2
1072.6
1071.9
1073.4
1076.4
1076.6
1075.9
1070.4
1073.8
1078.0
1073.5
1074.9
1074.8
1074.4
1075.5
1072.2
1074.4
1075.2
1074.9
1076.9
1076.2
1078.5
1076.1
1081.9
1076.2
1078.5
1075.0
1078.9
1080.1
1078.6
1078.1
1078.4
1077.7
1080.4
1079.1
1080.3
1080.0
1077.2
1079.8
1081.0
1079.0
1080.1
1080.5
1079.7
1078.2
1078.4
1084.4
1080.2
1079.1
1081.5
1085.2
1081.3
1079.2
1084.6
1084.0
1078.5
1084.5
1086.4
1081.8
1082.0
1083.9
1083.7
1084.7
1083.9
1081.6
1086.0
1084.0
1085.9
1081.6
1079.4
1086.0
1080.9
1084.4
1083.2
1083.9
1083.5
1084.2
1085.7
1084.5
1084.1
1085.3
1082.2
1087.5
1088.3
1086.1
1090.7
1084.5
1086.3
1087.9
1088.2
1089.4
1088.4
1088.5
1089.3
1089.9
1093.5
1089.4
1091.1
1095.5
1089.2
1088.2
1089.0
1092.3
1093.6
1086.9
1088.7
1089.9
1091.8
1089.5
1086.2
1092.6
1092.6
1090.7
1093.0
1087.3
1097.8
1098.4
1094.9
1096.3
1093.5
1097.1
1094.7
1092.2
1092.8
1096.6
1094.5
1097.0
1096.7
1099.6
1099.3
1095.3
1093.2
1096.8
1097.9
1099.7
1097.2
1095.9
1097.1
1101.2
1100.2
1098.1
1096.5
1100.1
1098.5
1096.7
1102.4
1097.0
1099.4
1100.6
1102.7
1100.2
1102.3
1103.5
1104.3
1102.8
1102.6
1102.6
1104.1
1103.1
1106.9
1101.5
1104.7
1103.0
1104.3
1106.8
1101.6
1106.7
1103.9
1105.6
1105.6
1106.6
1104.9
1101.9
1106.6
1106.7
1108.9
1107.8
1107.4
1111.7
1111.4
1109.1
1106.5
1109.7
1104.2
1108.7
1107.4
1107.6
1109.7
1106.3
1108.5
1110.2
1111.1
1109.3
1114.1
1110.7
1113.0
1115.2
1110.6
1117.0
1108.5
1113.7
1110.6
1115.1
1112.2
1113.5
1113.8
1114.3
1113.9
1116.7
1117.1
1113.4
1109.5
1116.0
1111.9
1112.6
1116.3
1119.7
1116.4
1118.2
1115.2
1115.6
1111.1
1113.3
1117.1
1115.0
1120.8
1118.0
1112.8
1122.3
1121.3
1116.8
1118.9
1116.5
1120.5
1118.4
1117.9
1120.3
1114.9
1120.3
1120.9
1118.1
1121.2
1120.1
1121.3
1118.9
1123.5
1120.0
1121.4
1122.3
1119.1
1120.0
1119.7
1123.4
1122.5
1119.5
1122.2
1121.8
1119.6
1122.3
1124.9
1120.8
1119.9
1121.8
1124.3
1122.4
1117.9
1122.5
1120.0
1126.4
1126.7
1125.3
1127.4
1125.1
1128.6
1125.6
1126.9
1129.7
1131.7
1128.7
1128.5
1124.6
1125.3
1127.3
1129.6
1125.5
1130.8
1128.7
1129.8
1126.5
1131.3
1128.7
1129.5
1128.1
1129.3
1128.8
1130.2
1132.3
1131.2
1133.6
1132.0
1130.7
1131.0
1129.3
1129.4
1133.4
1133.9
1132.3
1135.2
1133.5
1131.7
1133.0
1137.8
1136.5
1134.1
1132.3
1136.8
1134.9
1137.2
1132.7
1136.0
1132.9
1136.5
1133.3
1135.3
1135.5
1137.4
1140.3
1136.8
1135.4
1135.9
1134.5
1136.8
1135.6
1137.6
1137.0
1130.8
1137.8
1138.3
1142.4
1142.4
1139.1
1137.8
1139.1
1139.5
1139.1
1138.4
1138.8
1135.0
1139.3
1137.2
1138.5
1140.5
1139.9
1139.5
1138.5
1144.1
1139.0
1138.3
1141.3
1141.5
1143.1
1144.5
1138.7
1144.1
1141.8
1141.5
1145.5
1142.4
1141.2
1143.9
1138.6
1144.7
1140.3
1143.1
1138.5
1141.9
1140.5
1143.9
1145.4
1144.1
1146.0
1144.1
1145.0
1148.1
1144.9
1141.4
1144.0
1145.1
1145.9
1147.9
1143.6
1145.1
1145.0
1145.2
1144.7
1149.5
1142.6
1143.3
1146.0
1145.3
1147.5
1145.1
1144.6
1145.1
1145.7
1150.8
1149.7
1148.7
1151.9
1153.8
1148.5
1155.3
1152.8
1151.2
1151.4
1147.3
1149.1
1149.6
1151.0
1148.5
1152.6
1153.0
1149.9
1151.1
1153.7
1154.2
1152.5
1154.8
1150.6
1149.1
1153.5
1152.8
1150.3
1151.3
1151.8
1150.6
1153.2
1152.2
1153.2
1153.6
1152.6
1154.1
1153.4
1155.8
1153.1
1154.7
1153.8
1153.0
1154.0
1155.7
1155.1
1158.1
1153.6
1154.6
1157.3
1156.6
1157.1
1158.4
1159.1
1153.4
1156.4
1155.8
1156.4
1155.4
1158.3
1155.8
1154.2
1155.6
1156.4
1157.9
1155.1
1157.6
1158.9
1154.6
1158.2
1158.9
1160.1
1157.9
1159.4
1156.3
1159.6
1159.4
1157.4
1159.1
1161.8
1157.2
1161.1
1160.4
1161.1
1158.6
1165.6
1166.8
1162.4
1164.7
1165.0
1162.7
1163.0
1163.5
1162.7
1165.0
1165.2
1164.0
1165.2
1164.9
1164.8
1162.0
1161.9
1163.9
1163.2
1163.7
1162.6
1161.1
1163.6
1167.1
1166.3
1160.8
1163.9
1163.8
1163.9
1165.0
1164.8
1165.4
1164.3
1167.2
1165.9
1168.1
1165.7
1162.2
1167.8
1165.8
1165.1
1166.1
1167.0
1167.0
1168.0
1170.0
1167.4
1167.9
1169.3
1170.6
1171.6
1169.9
1168.6
1166.1
1164.9
1168.6
1169.6
1172.4
1167.5
1171.1
1171.2
1166.5
1167.8
1166.7
1168.7
1169.2
1170.7
1168.9
1173.8
1169.3
1171.6
1169.3
1172.1
1172.3
1169.6
1170.6
1173.6
1168.0
1173.4
1171.8
1171.9
1170.0
1169.7
1175.2
1170.8
1170.1
1170.2
1172.2
1173.8
1171.5
1173.6
1173.2
1174.5
1173.2
1174.6
1173.5
1173.4
1169.7
1173.7
1170.3
1172.7
1173.0
1176.8
1177.9
1170.3
1170.3
1172.6
1175.8
1174.4
1177.3
1174.5
1174.6
1175.5
1173.7
1173.6
1174.4
1178.4
1173.9
1175.6
1175.8
1174.1
1178.2
1179.9
1175.8
1178.1
1176.3
1176.0
1177.0
1176.5
1173.9
1177.1
1178.0
1177.8
1176.4
1178.4
1178.7
1175.7
1180.2
1174.0
1173.7
1178.3
1175.7
1176.7
1179.6
1178.0
1179.7
1178.9
1179.0
1179.8
1181.0
1183.2
1186.1
1180.7
1180.0
1177.0
1179.2
1178.1
1178.4
1178.8
1177.8
1179.9
1180.6
1180.2
1179.9
1181.3
1179.9
1179.0
1180.9
1182.1
1182.5
1184.5
1182.9
1183.8
1182.6
1184.2
1182.8
1186.5
1184.9
1183.2
1184.4
1183.6
1184.3
1180.5
1188.5
1182.0
1185.5
1183.1
1186.0
1181.5
1183.9
1186.8
1184.3
1189.2
1185.1
1188.7
1184.4
1184.5
1185.3
1183.9
1187.3
1183.2
1187.9
1183.1
1189.6
1184.8
1187.1
1184.4
1186.6
1183.9
1186.5
1186.6
1190.8
1188.5
1186.8
1191.3
1192.0
1195.6
1192.7
1189.3
1189.3
1190.5
1191.0
1190.7
1188.0
1187.5
1190.9
1187.7
1188.5
1189.8
1193.9
1187.0
1189.9
1192.5
1187.8
1191.1
1192.0
1193.1
1187.3
1191.4
1189.2
1192.1
1191.8
1191.5
1192.0
1192.8
1192.2
1191.9
1190.7
1193.4
1191.1
1190.5
1187.1
1193.7
1190.7
1188.6
1185.5
1194.4
1190.4
1190.3
1191.8
1190.0
1190.1
1190.2
1192.5
1195.4
1190.2
1189.7
1190.2
1193.0
1191.1
1188.9
1190.2
1194.7
1191.2
1195.7
1191.6
1194.2
1192.1
1193.6
1193.9
last val_ppl: 1065.8
last test_ppl: 1113.9