3068.9
2412.0
2076.6
1915.9
1832.5
1779.1
1744.3
1707.8
1678.4
1665.8
1637.6
1616.9
1599.4
1585.8
1556.0
1542.2
1518.8
1501.9
1482.7
1461.6
1451.7
1437.2
1417.3
1413.4
1401.8
1398.4
1361.3
1358.0
1340.3
1324.5
1317.5
1320.8
1296.8
1288.5
1272.7
1279.2
1270.7
1265.0
1255.8
1242.4
1242.5
1233.0
1220.9
1220.2
1218.7
1207.4
1201.3
1192.3
1202.8
1193.9
1199.7
1184.9
1177.6
1179.6
1173.1
1166.6
1166.2
1172.8
1167.5
1164.1
1160.4
1156.7
1155.1
1149.3
1158.9
1142.3
1136.8
1137.2
1119.6
1130.9
1134.6
1120.3
1117.3
1119.8
1118.3
1114.1
1112.7
1120.8
1103.8
1110.9
1104.4
1110.9
1105.7
1103.3
1094.4
1096.8
1095.2
1099.7
1084.1
1087.0
1084.8
1080.9
1091.3
1085.8
1081.9
1080.9
1080.2
1075.5
1073.6
1077.9
1068.6
1073.8
1068.4
1067.8
1066.7
1070.8
1055.7
1061.2
1060.0
1055.3
1054.3
1062.6
1059.8
1044.7
1057.3
1053.9
1041.4
1049.6
1041.9
1036.2
1053.5
1041.4
1037.8
1045.5
1044.1
1029.2
1042.3
1037.4
1046.4
1028.3
1034.2
1028.5
1029.7
1029.6
1017.3
1027.6
1024.3
1037.0
1023.7
1024.3
1024.2
1021.2
1013.7
1014.8
1023.2
1019.8
1009.5
1007.9
1008.7
1021.2
1018.4
1009.7
1010.9
1024.2
1010.9
1023.4
1011.9
1004.5
1008.3
1004.4
1018.7
1007.4
1011.0
998.5
1004.3
1010.5
1003.3
1007.0
1002.6
1013.5
1004.0
1001.4
1002.9
1019.8
1002.8
1015.6
996.9
1004.3
1004.0
1005.3
1004.1
1005.0
999.0
998.5
997.9
997.8
994.5
1004.3
995.1
991.8
986.7
988.7
994.3
991.8
1001.1
988.5
1001.6
988.8
1005.6
994.1
986.2
989.6
986.0
987.1
981.9
989.2
992.4
990.2
982.0
999.2
987.6
984.5
979.8
985.2
998.3
985.4
991.5
996.0
988.8
993.3
987.2
985.2
984.4
988.8
989.5
992.6
982.9
988.0
998.7
990.6
990.9
987.9
982.3
986.7
977.5
992.7
975.4
978.6
984.8
992.8
988.4
990.3
987.3
974.8
981.2
975.5
980.3
977.2
976.9
987.8
980.3
986.1
982.5
979.3
974.1
979.0
977.9
981.4
985.6
981.5
980.8
987.8
981.3
974.5
986.6
980.6
983.4
979.2
975.3
982.5
983.3
978.5
979.8
975.9
983.4
983.0
988.5
992.6
981.5
976.7
983.6
992.3
981.3
991.5
986.0
985.2
978.2
977.8
978.5
984.2
979.5
980.5
983.7
978.9
982.8
975.6
985.8
972.6
978.9
983.5
979.9
980.9
983.3
989.7
985.4
976.0
980.0
982.9
986.2
985.4
983.6
976.6
982.4
979.0
975.8
984.5
974.6
974.5
974.7
992.4
981.2
980.6
980.8
984.6
982.7
982.9
975.2
983.0
981.1
983.9
980.7
975.6
980.4
978.2
978.9
983.5
983.6
984.0
981.7
979.2
983.5
985.8
985.3
981.0
994.3
985.6
985.0
988.2
984.4
981.2
980.3
979.0
977.6
988.6
978.9
982.0
983.9
992.9
984.6
984.6
981.6
980.1
980.4
984.5
984.5
992.1
992.1
985.0
991.9
979.8
985.5
980.7
988.7
988.4
987.5
990.7
980.1
986.6
987.8
1000.5
985.0
978.9
982.7
995.5
984.1
988.6
981.8
979.4
979.0
983.8
990.9
987.0
987.5
991.8
986.6
976.4
979.0
999.1
988.3
987.1
993.5
989.2
998.7
992.6
985.7
989.8
981.1
998.4
983.2
987.0
986.4
990.9
988.2
994.9
984.3
992.3
988.5
983.6
991.7
988.4
991.2
985.2
984.0
986.2
984.0
995.9
987.0
988.7
996.0
992.4
986.8
991.5
992.5
997.5
1000.7
999.0
988.2
1004.0
988.6
988.6
995.0
991.9
991.2
986.4
1001.7
1000.3
1000.8
1000.1
995.8
993.7
988.4
985.6
995.3
990.7
991.5
988.4
991.7
992.0
990.1
993.9
990.5
989.8
992.5
994.6
982.6
988.8
990.7
998.4
989.5
1001.7
997.4
992.4
1002.8
992.5
996.4
998.1
990.5
996.3
994.5
998.2
995.2
1000.8
999.1
997.1
995.4
997.8
991.7
992.2
996.7
997.3
991.9
997.0
995.9
996.9
996.2
997.5
999.7
993.7
995.9
994.7
993.5
990.2
994.7
994.7
1001.0
1005.7
990.4
992.5
996.9
994.9
998.3
991.4
990.9
994.7
995.5
991.2
1003.1
996.1
1000.6
996.7
1011.6
997.4
991.0
991.3
990.1
1001.2
999.3
1000.3
1006.5
1000.7
1006.0
996.1
1003.8
997.4
1002.8
1007.4
1002.2
993.0
992.2
1000.1
1003.0
1001.8
1002.1
997.2
1003.3
1001.7
1003.0
1000.9
1006.1
1004.6
1002.0
1004.6
1005.2
998.0
999.9
1002.2
1011.8
1006.3
997.9
1007.3
999.4
1006.0
1001.1
1010.9
1010.3
1005.0
1000.0
1004.9
1003.5
1007.4
1002.4
1006.5
1006.3
1007.3
1003.5
1003.4
1009.0
1005.7
1011.2
1011.2
1014.4
1010.3
999.3
1007.7
1002.2
1004.0
1002.1
1003.0
1008.6
1007.9
1009.9
1011.1
1015.3
1016.1
1007.8
1005.3
1007.4
1005.1
1006.4
1007.7
1007.3
1006.9
1005.5
1005.1
1008.1
1007.0
1009.8
1011.6
1015.4
1008.9
1004.5
1013.7
1008.9
1011.4
1008.8
1007.3
1016.3
1010.5
1015.3
1019.7
1010.1
1005.8
1010.4
1009.8
1009.2
1012.8
1014.6
1009.4
1010.3
1004.2
1023.5
1015.0
1004.3
1006.8
1013.6
1013.7
1018.1
1013.3
1009.3
1013.7
1007.2
1009.0
1013.2
1015.8
1009.3
1014.0
1012.4
1011.3
1007.2
1009.0
1010.8
1009.3
1010.6
1017.7
1019.7
1020.0
1003.8
1010.7
1006.4
1018.1
1012.5
1017.4
1005.1
1016.2
1013.9
1015.0
1015.4
1014.0
1018.4
1011.8
1014.7
1009.4
1017.1
1015.4
1022.9
1022.8
1017.3
1014.5
1013.2
1020.9
1013.9
1014.8
1012.1
1015.0
1023.7
1017.0
1017.2
1021.5
1021.2
1024.1
1023.7
1017.9
1019.2
1014.6
1015.1
1014.2
1012.3
1021.9
1016.6
1015.0
1016.4
1017.7
1011.2
1021.3
1017.0
1010.0
1019.8
1016.8
1017.1
1016.0
1014.3
1019.0
1017.2
1016.7
1014.6
1018.5
1014.7
1012.4
1020.0
1013.2
1029.0
1014.4
1020.0
1012.1
1024.6
1011.2
1015.1
1017.3
1014.8
1017.3
1016.1
1018.5
1016.0
1017.5
1017.8
1016.0
1018.0
1016.9
1022.2
1026.0
1025.6
1027.0
1019.1
1023.6
1014.4
1024.2
1016.9
1018.0
1022.8
1017.5
1023.9
1027.1
1020.0
1025.2
1020.8
1022.6
1015.5
1022.6
1028.8
1029.5
1025.6
1020.0
1021.6
1028.4
1024.3
1020.1
1018.4
1024.1
1030.8
1015.9
1029.8
1017.2
1026.3
1020.4
1023.9
1030.4
1020.0
1025.7
1023.1
1017.0
1024.5
1019.8
1029.0
1025.7
1022.8
1025.2
1024.8
1024.9
1023.6
1024.7
1018.3
1031.5
1024.2
1019.0
1021.4
1023.2
1025.6
1022.1
1024.1
1020.3
1025.5
1024.0
1025.1
1030.4
1019.7
1035.9
1031.3
1029.8
1023.4
1026.9
1024.9
1023.6
1025.7
1033.9
1019.3
1024.7
1029.0
1025.0
1028.8
1023.4
1026.9
1025.3
1024.5
1031.6
1031.6
1034.2
1033.3
1027.1
1029.5
1028.4
1033.6
1028.3
1027.5
1030.9
1032.0
1027.7
1037.0
1028.5
1031.7
1031.5
1032.4
1033.3
1025.7
1034.2
1036.9
1027.4
1031.3
1031.8
1032.6
1023.3
1031.5
1036.6
1037.6
1027.2
1031.3
1029.2
1035.6
1031.3
1027.4
1034.0
1026.0
1027.9
1037.5
1037.0
1032.7
1030.0
1030.9
1035.4
1036.3
1024.4
1027.6
1034.3
1030.7
1027.1
1039.1
1031.9
1035.9
1034.3
1034.5
1034.1
1038.2
1033.7
1038.1
1027.3
1028.3
1033.1
1032.2
1028.1
1034.2
1036.1
1025.8
1027.3
1028.2
1038.0
1031.7
1038.2
1033.7
1029.2
1037.4
1029.3
1029.1
1028.5
1027.8
1032.8
1042.2
1036.0
1039.1
1033.8
1033.5
1042.6
1034.8
1035.0
1030.1
1040.8
1039.3
1035.3
1036.0
1039.5
1037.8
1037.7
1037.2
1042.5
1029.6
1030.4
1037.3
1031.4
1037.5
1031.7
1039.0
1039.1
1033.3
1037.7
1045.6
1032.6
1029.9
1034.8
1040.0
1035.4
1038.1
1036.3
1028.9
1031.6
1037.0
1038.3
1037.5
1040.4
1030.8
1028.5
1037.3
1035.7
1030.5
1041.9
1027.9
1037.6
1036.5
1031.9
1039.7
1042.2
1043.1
1029.4
1043.1
1043.8
1035.6
1040.5
1043.8
1033.7
1043.5
1040.4
1036.4
1039.8
1032.9
1038.5
1043.9
1039.5
1040.5
1043.7
1040.0
1035.1
1044.8
1037.8
1034.5
1040.9
1039.8
1043.5
1039.2
1036.6
1034.4
1034.8
1036.6
1043.2
1037.7
1042.4
1034.4
1037.7
1046.3
1041.8
1036.5
1039.6
1043.7
last val_ppl: 972.6
last test_ppl: 1074.9