3055.1
2383.5
1997.6
1833.1
1737.6
1693.0
1644.9
1611.6
1578.2
1549.7
1529.4
1503.8
1479.2
1458.7
1436.2
1423.1
1399.1
1379.3
1363.1
1347.4
1324.5
1297.0
1294.9
1272.0
1253.7
1233.3
1210.5
1202.1
1185.0
1184.6
1167.0
1140.4
1137.3
1128.4
1112.8
1103.3
1105.4
1094.3
1079.1
1072.6
1053.4
1051.6
1034.8
1038.9
1030.7
1022.1
1010.6
1010.1
1005.8
1004.0
989.0
987.0
987.4
980.7
971.8
974.6
967.6
962.9
962.4
954.9
961.1
949.7
948.7
953.9
948.8
937.9
945.3
934.6
933.0
943.4
937.3
921.9
934.2
928.5
920.4
919.6
930.6
923.6
926.2
919.8
919.7
923.0
928.5
916.6
922.6
916.5
926.8
913.1
910.3
911.1
909.5
915.5
906.3
915.0
909.2
906.1
904.2
896.4
894.5
909.5
899.7
900.3
899.3
896.8
894.9
893.8
896.8
902.4
892.3
898.0
895.0
898.1
893.0
888.6
888.0
888.3
884.5
881.2
885.3
891.9
889.8
892.7
888.7
887.4
877.9
883.7
885.0
877.8
881.1
885.0
884.8
886.5
880.4
877.6
874.3
877.7
877.4
874.5
880.7
868.7
872.3
877.0
873.5
882.6
874.6
872.2
874.8
870.7
870.8
879.7
871.4
871.1
873.2
873.9
865.0
869.5
870.8
872.0
865.7
872.4
870.7
869.7
870.4
871.4
873.0
874.8
873.0
869.3
866.1
863.1
872.0
867.3
878.3
868.9
869.3
871.9
864.2
868.8
864.9
864.2
871.7
865.3
867.4
868.9
864.3
866.1
869.1
861.9
865.5
868.0
866.6
860.7
863.0
863.5
873.1
868.2
867.1
871.0
866.8
867.1
869.4
861.7
864.2
861.3
863.4
861.1
866.9
864.1
865.0
864.4
867.5
861.2
867.5
862.3
869.3
864.5
864.7
872.4
869.1
857.6
870.0
858.4
861.5
866.8
861.1
860.2
872.3
866.8
866.0
864.1
860.4
861.8
865.5
865.0
861.5
863.7
862.7
862.2
855.8
857.0
863.2
865.0
858.3
861.6
866.5
869.8
868.3
867.4
861.8
last val_ppl: 855.8
last test_ppl: 1130.8