2969.9
2313.6
1974.4
1808.3
1727.0
1682.0
1639.4
1613.7
1583.6
1564.6
1546.6
1530.9
1506.0
1491.7
1480.4
1462.5
1449.5
1439.9
1427.5
1411.0
1400.0
1391.9
1378.1
1359.8
1347.7
1341.5
1320.5
1307.6
1299.0
1302.4
1278.7
1272.4
1264.4
1251.8
1247.3
1243.2
1232.7
1229.4
1218.0
1215.6
1208.3
1204.4
1191.8
1190.0
1187.4
1184.9
1179.6
1177.5
1167.3
1160.7
1161.5
1156.8
1153.3
1148.4
1152.6
1148.0
1148.5
1136.5
1133.4
1131.3
1125.9
1124.4
1123.3
1123.6
1113.7
1118.3
1118.6
1115.7
1110.3
1108.7
1113.8
1103.4
1107.4
1105.7
1105.2
1098.1
1098.2
1098.4
1091.1
1091.3
1090.4
1089.5
1088.1
1083.1
1086.8
1089.8
1086.3
1076.7
1086.6
1079.8
1082.6
1080.7
1074.3
1079.1
1079.8
1075.3
1077.4
1071.4
1069.1
1064.3
1067.4
1065.4
1067.7
1066.6
1064.3
1066.0
1059.2
1066.8
1058.8
1060.1
1062.2
1061.6
1058.8
1055.8
1056.2
1054.7
1054.8
1054.4
1050.5
1049.0
1054.2
1053.5
1046.9
1057.8
1050.8
1044.6
1042.5
1048.2
1042.4
1040.6
1041.3
1044.5
1042.8
1045.2
1039.1
1043.2
1042.8
1036.6
1038.3
1044.3
1040.2
1039.0
1036.7
1041.5
1039.4
1042.4
1043.0
1033.9
1038.2
1038.8
1035.4
1029.1
1049.0
1030.0
1031.9
1033.8
1027.7
1029.6
1026.3
1031.0
1028.5
1027.8
1025.2
1025.8
1034.7
1030.1
1021.2
1024.8
1027.1
1025.9
1025.8
1028.8
1021.9
1025.1
1024.3
1022.1
1025.9
1016.1
1025.3
1021.5
1023.9
1020.2
1022.2
1019.3
1019.4
1020.3
1020.8
1020.3
1016.3
1009.9
1017.5
1016.5
1015.8
1012.3
1019.3
1015.1
1013.0
1012.2
1009.4
1015.4
1015.6
1015.1
1012.3
1015.4
1014.0
1010.2
1015.0
1013.4
1011.1
1010.3
1012.1
1012.8
1009.0
1010.9
1007.7
1011.7
1009.6
1013.2
1011.3
1005.8
1001.8
1004.3
1008.7
1006.5
1007.4
1012.9
1007.3
1006.7
1007.7
1009.5
1009.3
1006.6
1004.3
1008.7
1007.4
1005.2
1006.8
1006.9
1005.6
1007.0
1004.9
1004.2
1008.0
1006.3
1008.8
1007.2
1010.0
1006.7
1003.7
1000.8
1006.0
1006.8
1008.6
1005.7
1006.5
1010.5
1004.7
1009.7
1008.5
1007.1
1008.4
1010.7
1006.6
1005.6
1007.5
1006.1
1009.0
1007.9
1008.7
1008.0
1009.3
1003.0
1010.0
1001.6
1002.1
1002.3
1008.8
1001.7
1002.7
1000.0
1004.6
1003.7
1000.0
1006.0
1006.6
1006.9
1008.2
1004.0
1004.5
1002.5
1005.8
1003.7
1008.4
1003.4
1003.2
1005.7
1008.1
1008.8
1009.7
1008.1
1008.4
1008.4
1009.0
1007.8
1011.4
1006.0
1008.0
1002.9
1007.3
1006.0
1009.7
1009.1
1008.9
1006.4
1012.2
1010.4
1009.1
1006.7
1010.5
1008.7
1006.6
1007.8
1009.4
1009.6
1006.8
1007.0
1005.4
1007.5
1009.0
1014.8
1006.1
1010.5
1014.1
1011.0
1014.4
1008.6
1013.1
1014.1
1008.4
1005.5
1011.7
1008.3
1008.7
1007.6
1009.5
1008.2
1016.7
1009.5
1012.5
1009.8
1008.2
1011.9
1018.2
1009.6
1012.8
1011.2
1013.4
1011.8
1007.4
1007.0
1008.7
1012.3
1014.9
1014.5
1013.7
1011.5
1015.6
1014.6
1012.9
1015.3
1016.9
1018.2
1012.0
1009.9
1010.0
1012.7
1018.6
1015.3
1014.7
1016.8
1015.6
1014.1
1017.7
1015.8
1013.2
1012.7
1018.5
1013.0
1017.2
1016.3
1013.1
1013.7
1011.9
1015.1
1017.2
1011.3
1017.5
1018.4
1019.1
1018.9
1018.3
1018.1
1018.8
1013.7
1019.6
1014.7
1015.8
1016.9
1015.3
1015.2
1016.0
1018.0
1017.1
1020.8
1022.8
1022.0
1017.9
1016.7
1019.3
1018.2
1020.6
1020.2
1018.1
1021.3
1021.6
1019.0
1016.5
1020.6
1020.3
1024.0
1020.7
1022.1
1026.6
1020.0
1016.1
1020.4
1023.8
1022.9
1021.9
1021.7
1014.9
1022.4
1018.8
1020.7
1019.4
1027.0
1022.5
1025.4
1022.8
1027.0
1024.9
1028.3
1021.5
1023.5
1024.3
1026.6
1021.4
1023.3
1026.5
1025.0
1023.9
1026.8
1021.6
1026.2
1030.0
1024.8
1023.1
1025.8
1025.9
1028.5
1027.2
1025.5
1028.2
1031.2
1026.6
1028.3
1028.6
1028.7
1027.4
1029.5
1029.7
1028.0
1031.1
1029.7
1029.8
1030.3
1029.6
1025.8
1025.3
1031.4
1026.7
1027.1
1023.9
1024.2
1033.6
1026.0
1028.3
1033.9
1031.5
1027.8
1028.9
1030.7
1034.6
1026.8
1032.7
1030.1
1031.4
1030.2
1033.5
1028.7
1029.0
1028.8
1030.7
1030.8
1033.6
1035.5
1031.6
1038.1
1032.3
1034.5
1035.5
1033.6
1033.5
1032.2
1028.5
1038.5
1032.6
1033.0
1035.3
1037.4
1031.4
1030.6
1033.5
1038.9
1034.3
1034.8
1031.4
1034.9
1031.5
1028.3
1034.8
1032.9
1031.2
1029.9
1031.9
1033.4
1034.7
1035.2
1034.0
1034.5
1037.2
1035.6
1033.7
1038.8
1040.2
1038.2
1034.2
1031.3
1037.3
1039.5
1038.0
1035.7
1035.9
1035.0
1035.7
1039.6
1037.0
1038.6
1038.0
1039.8
1038.0
1041.2
1036.7
1042.3
1036.4
1038.7
1040.8
1039.0
1042.2
1037.2
1040.5
1041.7
1040.5
1047.5
1043.0
1043.4
1040.8
1039.0
1042.9
1041.1
1036.4
1038.1
1041.0
1043.2
1044.6
1044.2
1037.3
1039.9
1045.0
1040.2
1040.6
1040.6
1043.9
1045.4
1040.9
1041.0
1043.1
1042.6
1045.5
1044.9
1043.0
1046.3
1037.9
1045.0
1042.1
1048.6
1047.3
1043.0
1041.7
1045.8
1043.7
1043.2
1043.9
1043.6
1045.8
1044.3
1043.4
1047.9
1050.5
1048.4
1046.2
1046.5
1047.1
1049.8
1045.5
1047.8
1044.9
1043.7
1047.5
1045.6
1045.9
1048.6
1046.2
1046.9
1046.5
1051.5
1047.3
1048.3
1048.6
1052.2
1049.3
1045.7
1042.2
1049.0
1048.6
1050.1
1050.3
1049.0
1046.6
1050.9
1052.2
1049.9
1053.1
1054.2
1050.0
1052.9
1045.0
1049.1
1053.0
1053.6
1049.2
1057.0
1050.0
1047.0
1052.7
1050.3
1051.2
1049.9
1053.9
1053.6
1045.7
1051.2
1049.5
1054.7
1052.3
1053.0
1050.8
1054.0
1053.6
1054.0
1051.2
1053.3
1049.4
1053.7
1055.4
1055.5
1057.8
1053.8
1052.5
1053.9
1052.9
1053.8
1057.8
1057.2
1058.3
1051.8
1052.7
1054.3
1055.2
1056.2
1053.2
1060.4
1054.4
1052.7
1050.4
1052.7
1054.4
1053.8
1050.8
1051.9
1053.3
1059.4
1053.5
1060.8
1061.5
1056.1
1055.4
1053.2
1060.8
1054.0
1055.8
1058.1
1057.3
1057.0
1054.7
1059.1
1059.0
1055.3
1057.4
1054.4
1051.5
1055.7
1055.9
1059.2
1059.0
1057.3
1053.3
1059.8
1058.2
1059.0
1052.8
1058.9
1059.7
1058.6
1055.5
1059.6
1063.1
1065.0
1057.5
1058.7
1059.7
1057.7
1056.5
1059.8
1057.2
1058.9
1059.1
1059.4
1058.1
1060.3
1058.9
1063.4
1062.0
1064.7
1059.1
1060.8
1060.2
1059.1
1062.0
1066.1
1059.9
1062.5
1061.1
1061.9
1060.1
1064.0
1064.2
1069.8
1066.2
1066.6
1062.9
1061.7
1061.2
1069.7
1068.6
1066.3
1063.3
1064.6
1065.7
1066.3
1063.2
1068.0
1061.6
1062.1
1062.3
1063.3
1065.5
1064.7
1063.0
1064.5
1067.9
1069.6
1061.4
1063.9
1069.2
1067.9
1065.4
1065.2
1065.2
1062.2
1064.9
1063.1
1064.6
1065.7
1071.2
1069.9
1071.2
1067.2
1067.1
1070.1
1064.0
1063.4
1071.3
1068.2
1063.6
1068.2
1066.3
1068.2
1068.9
1067.4
1069.2
1068.0
1069.7
1070.6
1068.4
1067.1
1067.4
1065.9
1067.7
1068.9
1065.2
1069.7
1068.7
1066.2
1066.1
1069.9
1067.2
1069.4
1068.2
1068.6
1069.8
1069.1
1073.3
1073.3
1072.2
1070.0
1072.7
1067.5
1073.4
1075.2
1074.0
1073.0
1072.0
1068.2
1073.1
1068.1
1071.0
1071.7
1072.2
1071.6
1070.3
1072.0
1072.3
1072.1
1074.1
1070.3
1075.2
1067.3
1073.0
1068.1
1070.1
1071.8
1070.5
1073.4
1074.0
1074.7
1069.3
1070.6
1072.8
1071.6
1078.1
1074.2
1070.5
1073.8
1072.6
1070.2
1077.0
1070.1
1074.5
1074.5
1074.7
1074.1
1076.8
1074.8
1077.2
1075.8
1076.3
1076.8
1070.0
1076.0
1071.5
1071.5
1073.3
1077.5
1078.7
1077.8
1077.4
1075.5
1072.0
1074.7
1077.2
1072.8
1076.0
1081.2
1073.8
1078.6
1070.8
1079.7
1075.3
1077.3
1075.3
1076.9
1071.7
1074.6
1077.7
1074.5
1073.5
1075.2
1077.6
1079.6
1076.0
1081.0
1074.4
1077.4
1082.7
1073.8
1073.9
1079.2
1075.5
1076.0
1079.2
1074.8
1080.2
1078.0
1077.7
1075.7
1079.6
1077.7
1079.6
1076.7
1073.2
1080.2
1075.8
1081.1
1077.2
1076.6
1087.2
1079.5
1079.9
1077.8
1081.1
1079.2
1083.2
1087.6
1087.4
1082.1
1082.7
1076.8
1079.2
1080.3
1082.7
1079.5
1079.6
1081.9
1081.3
1077.2
1085.7
1081.0
1085.4
last val_ppl: 1000.0
last test_ppl: 1068.8