2668.1
1950.9
1673.8
1547.1
1467.9
1424.8
1388.7
1364.9
1348.0
1330.5
1314.2
1292.7
1280.8
1273.3
1256.5
1244.1
1227.8
1210.4
1196.8
1167.5
1170.5
1144.4
1134.1
1126.4
1117.2
1101.6
1091.7
1090.9
1082.0
1077.1
1076.8
1061.4
1061.2
1056.3
1052.0
1041.3
1043.8
1037.1
1038.8
1034.3
1024.3
1023.7
1018.5
1017.2
1012.7
1008.9
1014.9
1012.2
1010.3
998.8
1004.9
990.3
990.6
998.8
988.9
985.9
985.5
982.6
980.2
971.8
967.4
969.4
971.5
971.3
963.0
964.7
963.6
969.2
964.4
961.1
958.8
958.9
951.8
955.1
953.2
950.5
949.9
950.5
943.7
948.3
946.5
946.0
943.3
942.4
942.4
940.9
941.3
938.0
941.9
940.0
937.8
935.8
933.4
935.1
927.7
933.6
934.6
933.3
932.8
927.4
926.8
928.8
928.5
928.6
930.1
928.3
922.9
927.4
921.2
926.3
926.1
924.8
923.6
921.9
924.0
923.7
924.6
926.9
924.6
921.4
921.8
919.2
920.2
921.8
921.0
919.1
919.0
917.2
917.5
920.2
921.0
917.6
918.1
919.1
912.9
913.0
916.3
915.6
914.1
913.0
916.8
916.1
915.2
919.3
913.5
911.5
909.2
908.9
914.1
915.4
917.3
914.0
916.7
913.3
911.2
906.6
911.4
914.2
910.1
917.8
910.2
914.2
910.3
913.1
909.4
913.6
910.6
910.4
906.2
912.1
913.1
911.6
910.0
907.0
903.4
911.3
911.2
909.7
913.3
909.2
908.7
910.2
909.6
908.1
907.2
906.8
907.3
906.6
914.2
909.9
906.9
909.1
910.3
909.6
909.6
911.0
908.3
913.2
910.0
906.2
906.7
907.4
908.4
908.9
907.6
907.1
908.6
908.8
910.4
906.1
907.5
907.4
911.4
908.8
910.5
911.6
908.4
913.3
912.2
907.8
908.7
907.3
909.3
908.1
911.2
910.8
908.6
911.6
910.1
911.2
910.7
911.5
909.9
912.1
910.1
907.8
914.0
913.2
912.9
912.3
911.9
909.3
909.8
913.1
914.4
908.6
911.3
911.6
910.3
last val_ppl: 903.4
last test_ppl: 1166.9