2915.1
2220.0
1869.0
1714.2
1621.7
1565.9
1524.6
1487.6
1457.3
1436.8
1420.0
1389.3
1378.4
1348.5
1341.9
1323.9
1304.0
1293.0
1282.2
1264.2
1246.3
1230.0
1217.2
1200.1
1190.3
1174.0
1155.4
1146.5
1141.2
1130.4
1124.7
1112.5
1101.2
1088.1
1089.1
1077.3
1069.6
1063.6
1062.3
1049.4
1051.0
1030.3
1027.9
1023.2
1023.1
1012.3
1006.5
1001.1
995.4
996.6
994.0
986.3
984.1
976.3
974.1
978.7
966.8
973.8
963.5
952.1
953.1
951.8
947.6
945.1
948.8
941.4
943.3
937.2
935.0
930.3
933.4
925.6
933.1
923.2
920.6
927.6
924.4
919.6
915.7
918.6
916.6
908.9
917.0
909.0
908.3
910.2
914.1
908.7
905.6
907.0
900.7
902.2
898.1
896.6
898.9
895.3
890.3
891.3
899.4
896.5
897.6
897.8
887.7
892.4
889.0
885.9
890.7
885.3
887.0
886.3
878.8
884.8
884.2
884.5
883.8
877.1
882.0
880.7
879.9
877.5
880.7
872.5
879.2
876.1
877.6
874.9
874.9
871.3
875.5
874.0
876.1
877.1
871.6
874.8
876.5
872.3
872.0
869.1
871.4
869.7
870.4
869.8
872.0
869.3
872.8
872.1
866.1
867.9
868.0
864.5
868.8
865.8
867.1
871.0
859.8
864.8
861.8
869.0
867.3
861.9
863.0
862.5
860.8
863.5
866.2
859.6
863.2
855.8
863.7
860.3
862.7
855.3
861.8
860.6
863.0
860.7
861.4
862.9
863.9
861.9
860.9
857.2
864.1
854.5
867.8
857.8
862.0
862.7
861.5
861.6
864.9
862.9
859.0
858.2
865.1
860.5
851.6
863.2
864.6
858.5
858.2
858.8
859.2
859.0
860.4
858.9
857.3
859.4
856.6
858.3
857.3
856.2
861.2
858.0
856.7
856.8
852.7
860.5
861.4
857.6
861.5
857.8
862.3
862.1
856.9
861.7
859.0
854.9
857.2
861.1
860.1
853.3
863.0
856.4
857.9
856.2
856.4
858.5
860.0
860.9
861.0
855.1
860.8
857.2
857.5
855.2
858.4
865.9
859.1
last val_ppl: 851.6
last test_ppl: 1113.6