3072.0
2385.4
1988.4
1837.4
1739.5
1666.5
1632.8
1604.7
1576.4
1547.8
1535.3
1516.3
1479.0
1461.2
1445.6
1426.6
1401.8
1390.5
1370.0
1357.5
1332.6
1321.3
1310.1
1296.1
1300.7
1259.6
1246.3
1228.3
1213.2
1201.0
1180.8
1177.6
1165.6
1144.8
1132.8
1126.0
1114.0
1099.0
1108.6
1087.3
1081.4
1072.4
1064.7
1059.4
1061.6
1042.7
1036.4
1024.3
1020.7
1013.9
1012.7
1003.9
1008.1
1002.4
997.1
998.1
990.6
982.9
984.2
999.8
983.8
984.7
976.6
974.4
968.2
964.6
971.2
962.1
962.2
963.8
962.2
954.1
950.4
953.5
942.9
940.6
944.9
950.6
950.5
933.0
955.5
940.2
939.2
937.6
936.9
935.4
945.1
935.2
938.2
945.9
937.6
936.8
929.5
948.5
936.6
931.9
930.4
930.6
926.1
930.8
924.6
935.4
926.7
930.1
924.6
928.2
918.1
924.1
922.0
925.0
925.8
940.7
917.9
921.5
919.7
923.7
917.1
923.2
916.3
921.8
911.2
914.1
918.8
921.2
910.9
911.8
911.4
913.2
913.5
908.2
915.3
909.9
911.0
913.0
925.2
911.3
912.3
915.3
903.8
912.5
908.4
908.0
914.6
909.8
904.8
908.6
898.3
909.1
905.9
905.6
908.5
902.9
906.9
905.1
906.4
912.4
903.3
910.3
901.8
910.0
910.2
914.2
903.2
906.1
899.0
900.6
914.6
895.6
895.8
901.2
906.4
895.7
893.0
901.6
909.7
892.5
897.4
899.9
891.0
892.9
895.2
902.4
903.6
901.7
894.9
904.0
893.2
894.2
897.7
895.5
891.3
898.7
894.1
897.7
901.9
900.4
903.7
903.2
899.4
894.3
890.3
890.5
897.5
893.8
889.8
900.3
886.5
900.1
898.4
894.3
894.2
888.5
891.3
890.3
887.9
889.4
896.2
894.8
885.5
889.3
891.3
887.1
886.4
892.3
888.1
893.4
898.5
897.2
888.3
889.7
897.6
895.9
897.9
893.1
897.4
888.4
896.9
890.8
893.0
902.7
888.6
895.2
894.3
896.9
899.3
888.2
895.6
888.4
893.9
last val_ppl: 885.5
last test_ppl: 1142.1