2350.4
1671.6
1471.4
1393.7
1345.0
1310.0
1278.5
1263.0
1232.3
1209.7
1180.8
1160.8
1131.0
1127.0
1096.5
1081.8
1088.3
1056.6
1030.4
1022.0
1006.1
1004.5
997.7
988.3
986.1
966.0
972.3
959.6
957.4
950.0
949.4
937.4
941.0
942.0
931.0
956.3
929.4
950.9
916.3
918.2
913.0
908.6
905.6
934.2
936.1
933.4
902.8
898.3
949.6
899.3
888.7
894.8
890.2
904.9
940.2
891.1
890.5
886.0
891.8
944.6
884.8
891.4
886.1
882.0
885.3
879.2
872.5
875.9
876.2
939.7
871.8
877.8
882.4
873.6
870.0
874.1
875.1
869.4
870.1
868.1
864.1
865.9
859.5
870.1
865.3
871.5
862.2
863.9
923.1
860.9
862.7
919.9
859.0
861.4
863.5
861.5
860.0
858.5
859.9
898.8
854.6
854.8
911.7
924.9
852.1
859.7
904.7
860.5
852.6
856.9
856.8
850.7
853.6
853.6
851.7
849.0
855.8
850.7
859.4
853.9
857.5
854.7
887.8
848.2
850.8
853.5
910.1
856.3
855.0
857.7
848.9
851.2
849.2
854.1
875.2
854.4
851.1
856.3
852.2
855.0
871.1
858.7
847.8
852.5
846.9
849.1
852.7
851.9
874.0
847.5
850.1
849.7
851.3
847.5
904.6
847.1
847.1
849.1
895.0
844.2
848.4
847.6
905.6
842.7
847.5
842.1
897.8
843.3
843.0
845.3
846.3
846.3
861.4
846.0
844.3
844.0
852.0
846.8
842.6
845.9
850.8
848.5
848.5
848.4
845.7
842.6
869.7
860.0
841.6
850.1
845.0
845.3
848.4
846.5
849.8
850.8
851.5
846.1
843.1
848.5
843.1
842.5
845.7
844.6
844.3
847.9
848.1
842.2
846.5
934.4
881.7
883.7
844.1
846.4
846.9
847.1
849.8
845.0
844.6
840.5
840.6
841.6
844.1
849.0
845.9
848.1
840.6
842.9
842.7
847.9
846.0
847.1
846.4
845.4
844.3
842.8
842.5
868.9
929.6
841.8
849.1
843.1
846.7
845.4
846.2
843.9
845.9
844.7
842.0
846.2
846.7
845.3
844.8
840.5
845.7
843.8
843.1
845.4
844.5
843.5
839.8
839.8
842.8
839.6
846.7
842.9
844.1
839.4
841.9
843.0
847.7
841.5
848.2
843.0
849.2
842.5
843.8
844.8
841.2
842.5
845.7
845.6
843.3
842.7
881.5
844.3
846.8
841.9
842.5
843.1
841.2
844.3
841.7
847.4
840.1
844.9
843.7
841.4
846.9
848.6
842.4
845.2
846.8
847.6
846.1
845.3
848.8
841.9
847.2
847.7
842.0
844.2
843.1
845.6
849.5
845.4
845.8
842.3
841.5
840.1
843.3
841.8
847.7
893.1
853.2
847.4
844.4
843.4
842.0
842.6
919.3
840.1
844.2
846.6
840.3
844.0
845.8
843.6
847.9
849.4
942.0
854.2
854.3
915.2
851.0
849.5
845.9
900.7
842.4
846.8
845.6
840.7
846.6
841.8
875.5
843.5
847.1
842.6
846.5
847.2
846.8
844.6
843.5
844.2
840.2
841.7
842.0
846.4
840.0
844.6
843.8
849.6
842.2
840.1
841.4
844.7
846.9
848.8
845.8
845.8
850.3
847.1
843.2
845.6
844.5
845.5
850.8
844.7
841.4
843.1
850.7
848.6
848.8
847.9
839.2
846.0
847.7
847.9
847.5
847.7
844.1
847.2
842.5
844.9
845.7
846.2
844.0
847.7
848.1
846.8
843.7
844.3
844.4
840.7
846.7
840.3
844.4
845.0
849.5
847.0
850.0
844.3
846.7
845.6
846.1
845.6
849.3
849.7
848.0
863.3
847.3
846.0
846.3
845.8
843.6
849.5
848.5
844.5
843.6
848.2
843.3
848.5
849.1
847.2
845.8
842.3
841.4
845.4
847.7
846.5
849.1
846.4
848.3
846.2
845.2
843.6
850.7
844.5
847.5
848.2
843.2
846.3
847.0
843.5
844.6
845.6
844.8
848.5
847.3
846.7
847.4
849.0
846.6
849.8
848.0
845.5
849.2
851.7
849.1
847.2
846.2
849.3
849.2
853.3
919.4
893.2
891.8
901.7
928.8
935.6
918.0
921.6
861.0
852.6
855.2
858.4
868.9
886.3
861.9
852.2
869.2
859.0
844.6
851.4
846.3
848.7
851.7
850.3
851.6
848.0
847.6
848.3
846.3
851.7
850.2
850.7
844.7
853.6
848.2
847.7
852.3
851.5
851.6
849.6
846.8
852.5
848.1
851.9
844.6
846.7
848.9
846.0
846.7
846.8
855.2
846.2
851.1
925.2
850.4
852.5
849.2
853.7
855.5
849.2
849.7
850.5
847.7
851.6
852.6
849.7
849.8
848.6
850.6
877.6
852.5
849.9
851.9
850.2
851.0
849.9
852.1
854.6
852.2
854.6
851.8
850.9
852.5
848.3
848.0
851.8
852.4
852.3
854.7
853.2
852.8
852.7
853.9
854.6
855.3
854.8
914.4
853.5
851.4
855.1
852.0
855.8
852.5
853.9
851.6
853.1
853.6
851.3
853.4
852.9
851.7
852.0
853.9
852.2
852.7
851.7
849.1
853.7
848.3
856.1
854.2
850.7
855.1
856.8
881.0
855.4
852.2
856.6
883.8
870.5
863.5
855.5
935.9
859.7
860.0
898.2
867.7
872.1
856.2
863.7
854.2
865.4
855.4
865.1
854.1
853.7
854.7
852.7
853.4
889.9
854.5
866.4
875.8
854.3
854.7
855.9
858.4
859.6
857.1
855.0
856.1
855.5
868.4
853.1
853.7
853.2
850.8
854.1
855.5
855.5
869.0
855.2
853.6
855.1
857.9
853.7
856.1
856.6
853.4
855.9
855.0
870.5
855.6
853.9
853.1
856.7
857.0
853.9
854.0
854.7
856.8
853.2
855.7
856.0
859.0
853.8
855.6
848.9
852.3
853.7
855.0
856.8
856.5
853.7
854.1
854.1
857.2
858.1
857.0
854.9
850.4
852.5
856.2
854.0
854.0
854.5
856.7
856.3
855.3
856.2
854.6
856.3
852.8
855.6
856.6
858.2
857.4
856.9
856.0
855.1
857.4
856.3
857.2
858.5
857.7
856.7
860.7
859.8
859.9
860.2
856.8
855.1
859.3
857.8
860.1
859.3
857.2
857.0
860.8
863.6
856.8
860.1
860.8
857.7
870.8
855.7
926.6
932.5
860.6
855.8
859.1
858.6
864.4
857.8
858.2
856.0
855.6
856.8
854.0
857.2
860.8
856.3
860.1
860.0
859.7
876.9
876.6
888.0
858.1
857.2
857.9
861.1
859.7
855.4
859.5
858.9
859.3
857.8
861.7
862.4
859.6
863.5
858.5
863.9
861.8
861.3
859.8
860.0
859.8
859.5
859.9
860.3
858.9
857.7
861.9
861.8
859.6
858.0
859.7
858.0
857.7
859.3
859.6
862.4
862.1
861.6
860.6
858.0
859.1
858.3
860.5
895.7
859.3
860.4
859.6
859.8
859.3
875.8
862.0
869.1
856.5
859.5
860.2
858.4
858.2
860.3
858.6
858.9
860.1
858.4
863.0
860.1
859.5
859.5
858.7
859.3
858.7
857.6
861.2
861.0
860.1
859.2
864.5
860.9
860.5
860.6
860.3
860.5
862.0
861.7
863.7
861.8
858.6
863.3
860.3
863.2
860.0
855.8
861.8
861.2
858.7
862.3
864.1
864.9
864.5
862.4
860.4
861.5
860.8
863.0
959.8
878.3
881.0
862.2
861.7
912.9
869.2
866.0
896.1
864.6
864.2
864.6
865.8
868.4
861.8
860.6
863.6
864.4
862.0
861.6
862.5
862.7
863.9
860.8
861.3
861.7
863.3
865.0
864.3
866.9
865.3
860.6
862.8
863.0
864.3
864.6
866.4
861.2
863.7
860.2
865.0
874.2
864.2
861.1
864.6
893.1
907.2
880.4
876.6
866.2
866.0
864.6
868.6
869.3
865.5
860.8
863.8
864.8
883.7
863.3
894.0
859.4
863.2
863.2
864.5
862.1
863.2
859.9
862.8
861.0
867.3
862.0
866.5
862.3
860.2
863.6
867.0
861.2
865.8
863.2
864.2
864.1
864.8
861.7
863.3
864.5
859.6
861.1
888.2
863.1
864.2
861.9
865.8
921.2
864.4
865.1
863.5
868.8
870.1
866.1
863.8
867.1
866.4
866.4
865.0
863.8
865.5
863.4
865.2
876.1
864.2
867.1
862.5
862.7
861.9
860.8
864.4
868.5
866.0
862.1
866.1
867.9
863.6
864.5
863.2
862.1
863.6
862.8
863.4
863.0
862.7
863.5
864.0
870.5
865.4
last val_ppl: 839.2
last test_ppl: 1208.6