2662.7
1871.4
1636.5
1535.5
1461.0
1410.2
1371.1
1335.7
1320.1
1293.2
1258.0
1229.3
1212.7
1194.1
1182.1
1164.6
1150.5
1129.5
1106.1
1087.6
1072.7
1059.1
1045.8
1024.5
1010.9
1003.2
1000.0
997.4
989.3
981.8
980.7
971.6
964.5
958.3
956.9
946.3
943.9
933.1
932.3
932.5
925.7
910.1
911.9
905.2
902.6
898.7
883.4
887.6
884.6
884.2
874.5
870.8
869.5
867.5
858.9
850.7
848.3
848.4
841.2
850.3
857.6
845.8
832.0
821.8
824.9
821.9
869.6
825.0
828.0
819.1
819.4
819.2
817.0
806.9
819.3
884.5
803.5
830.4
891.8
816.8
821.1
846.7
795.9
854.2
802.5
826.6
796.7
792.8
803.1
844.4
801.4
864.6
790.4
829.6
798.1
793.2
796.4
802.2
789.8
861.1
851.4
814.4
849.3
791.5
789.0
793.4
842.0
816.5
857.7
819.7
794.2
867.5
789.9
837.9
838.8
849.5
780.2
850.5
780.2
850.0
780.6
808.3
784.7
789.2
784.9
849.2
786.8
787.9
779.8
803.6
790.1
776.9
832.5
911.4
791.3
843.8
785.1
787.2
849.0
780.4
784.7
831.8
786.0
780.3
914.9
817.9
826.6
846.4
859.0
784.9
858.4
787.4
847.5
778.2
819.1
862.4
778.7
775.9
847.2
843.7
788.8
838.3
801.8
783.6
784.0
782.4
782.7
785.1
786.9
788.8
789.2
788.6
779.0
787.6
788.9
787.1
782.8
792.8
797.1
786.2
781.9
795.1
793.1
803.2
788.9
794.9
790.5
801.2
812.3
798.5
799.4
804.0
809.9
807.2
802.2
799.7
812.3
817.1
802.9
822.6
817.9
816.5
824.5
809.9
818.3
824.5
816.5
818.8
834.1
823.3
827.8
834.7
832.1
828.8
857.4
770.1
850.1
775.3
776.9
772.7
905.7
776.9
791.7
772.8
832.4
782.7
845.9
860.5
839.1
773.9
840.3
775.8
819.9
782.2
775.4
833.7
830.9
865.3
775.5
828.2
835.2
777.8
838.1
864.1
777.5
831.2
824.2
823.3
833.7
833.6
827.1
843.6
776.1
835.9
846.3
832.3
772.9
841.1
840.4
785.9
772.3
843.0
831.8
777.9
774.7
773.1
846.9
777.0
774.5
826.5
801.1
781.6
775.1
795.8
817.6
828.0
821.5
772.5
844.1
795.9
811.7
831.7
788.5
774.8
818.2
772.1
775.0
780.8
802.5
832.4
775.0
826.3
836.9
840.8
828.4
836.3
849.5
827.9
884.0
821.3
768.5
771.2
777.4
773.7
775.2
771.1
776.2
776.4
768.4
863.9
827.7
808.5
821.6
834.4
820.6
832.7
833.3
775.8
847.5
817.7
852.0
790.9
838.8
785.4
786.8
795.3
783.4
786.4
844.3
829.7
792.7
814.2
808.4
820.4
786.8
829.2
799.4
797.2
792.3
786.6
787.5
864.4
824.3
819.3
797.5
821.5
854.2
839.3
860.2
879.2
806.3
795.4
838.3
829.0
799.5
841.1
816.6
834.2
799.5
827.2
853.6
840.6
786.2
810.2
828.8
827.5
856.5
879.9
829.5
842.1
855.1
799.7
844.6
833.1
839.3
835.8
835.9
841.3
837.2
852.3
826.7
800.9
806.4
846.5
842.9
881.6
866.5
834.7
853.8
853.3
840.8
815.9
812.0
836.5
808.0
782.1
790.6
841.8
776.4
845.4
782.6
814.3
804.7
774.2
820.3
802.9
876.4
819.4
789.6
819.3
801.0
816.8
829.1
831.4
803.6
830.7
832.8
830.0
796.4
809.0
826.5
854.3
830.0
821.3
855.4
842.1
844.9
808.2
806.5
810.8
818.5
793.5
775.3
792.0
812.2
787.2
782.2
807.5
774.0
791.9
777.5
845.5
787.7
795.2
837.2
833.7
853.2
794.3
777.2
797.2
802.8
815.0
816.4
815.6
789.5
797.8
838.3
775.4
809.7
778.8
800.0
808.4
828.5
789.9
803.8
792.6
797.3
854.5
775.9
809.4
856.8
774.8
873.6
787.6
806.1
858.0
787.8
844.5
788.6
799.5
776.7
846.1
850.4
800.2
777.3
784.4
849.5
842.3
843.2
795.3
777.9
841.1
782.4
797.6
844.6
834.6
835.9
780.4
837.5
783.5
800.6
840.0
841.9
848.0
792.8
794.2
817.9
834.4
797.5
812.1
792.3
796.6
790.8
789.0
787.9
794.5
796.0
846.7
817.9
794.9
851.9
855.4
799.0
836.5
792.6
839.2
791.5
792.0
798.8
835.7
777.5
778.3
831.0
824.0
799.2
799.4
781.7
782.3
855.5
791.0
794.5
782.6
779.3
815.5
801.4
795.8
833.7
789.3
779.6
789.2
777.5
784.2
780.9
793.9
783.2
775.4
782.0
785.9
780.0
794.0
800.6
850.1
833.5
832.3
848.7
838.1
809.4
826.0
789.7
802.5
800.7
801.0
793.4
798.7
793.1
853.7
791.7
845.5
825.8
844.9
827.0
825.9
830.1
780.6
797.6
801.3
789.1
802.8
844.6
841.0
821.9
850.8
789.1
802.5
804.8
773.1
786.7
786.9
840.5
792.3
833.4
849.9
855.3
784.2
784.5
777.0
853.1
843.7
793.5
846.1
775.2
835.8
782.3
831.8
776.9
856.5
864.6
858.9
839.1
792.0
774.1
816.8
810.1
823.1
800.0
779.8
818.2
814.5
778.2
844.7
794.5
830.3
773.4
863.0
772.9
790.0
840.1
861.0
777.7
792.2
864.2
863.6
826.0
819.6
846.5
823.5
857.1
827.6
821.3
831.7
825.1
844.3
848.9
840.3
844.8
844.1
842.4
843.0
823.4
839.6
836.5
837.4
822.3
845.8
837.7
823.8
841.6
834.0
836.9
807.5
837.6
850.5
846.2
848.5
847.5
824.8
851.6
855.3
855.0
825.4
815.7
802.5
835.6
802.2
796.0
793.7
835.8
844.8
844.5
814.6
788.2
815.1
852.8
830.3
777.3
826.1
780.8
812.9
839.0
852.0
830.9
845.2
846.2
841.1
840.4
813.7
833.3
837.1
829.3
817.1
843.6
833.7
846.8
829.8
854.8
845.0
833.1
851.0
838.6
840.1
876.7
824.5
859.7
851.0
843.1
830.8
784.3
825.4
780.2
774.1
786.3
842.1
848.1
842.6
878.1
858.1
847.2
851.1
857.8
849.3
849.4
790.3
853.4
846.4
845.7
844.2
857.3
850.4
849.5
794.9
778.5
843.9
844.1
827.2
829.7
846.8
832.0
821.1
785.2
837.2
862.0
846.6
821.1
822.3
823.3
783.0
848.7
833.9
794.9
818.7
849.5
824.3
773.3
770.9
850.9
851.7
791.2
832.6
851.4
792.8
839.6
837.6
845.5
817.9
863.0
776.2
837.8
840.4
782.3
815.5
838.6
861.6
842.4
847.2
774.8
782.7
838.2
839.3
793.8
874.6
783.9
787.2
781.4
844.9
783.4
797.3
880.9
856.2
864.7
865.4
861.6
864.9
855.7
844.6
860.0
869.5
843.2
867.6
877.0
845.5
850.4
864.1
803.6
796.4
872.8
826.6
860.9
813.9
777.7
860.3
851.6
851.7
840.2
781.1
815.7
862.2
873.4
777.5
878.2
845.1
862.7
790.2
874.9
838.1
783.1
888.7
810.1
858.5
834.1
869.8
886.0
828.9
803.2
777.5
783.4
793.7
880.8
857.2
862.0
849.2
849.4
779.2
781.4
789.4
793.8
857.0
845.8
837.7
876.0
885.7
862.5
866.6
859.3
868.0
869.9
887.4
857.4
893.9
861.7
840.9
865.9
858.7
869.2
864.6
839.2
860.3
854.3
843.9
863.8
855.8
876.4
888.4
841.6
865.7
857.5
873.9
904.5
884.8
868.5
877.1
864.5
818.1
842.9
870.5
832.4
862.4
830.8
820.7
878.1
862.3
843.5
866.7
857.2
888.9
811.4
828.8
863.9
838.3
784.8
828.0
845.0
882.4
847.4
870.4
875.5
887.2
782.4
782.5
854.0
814.2
855.8
851.1
861.8
862.9
842.7
847.9
847.0
864.8
851.3
830.0
852.7
860.7
833.9
824.9
839.6
852.8
811.4
850.9
815.2
859.3
848.3
832.2
831.8
828.0
841.8
856.9
843.0
846.8
851.4
823.5
836.0
816.0
842.5
840.3
822.4
864.8
858.5
782.1
852.5
846.3
881.4
847.1
863.1
855.9
876.1
872.5
782.9
783.7
838.1
813.8
860.5
852.1
831.7
858.8
843.1
825.1
857.5
802.7
842.7
850.0
838.2
842.6
817.1
868.0
843.9
836.5
802.2
864.2
779.2
last val_ppl: 768.4
last test_ppl: 1128.6