2804.5
1936.0
1674.1
1609.8
1537.1
1455.9
1449.8
1378.1
1330.2
1352.1
1277.0
1258.0
1249.0
1239.2
1213.1
1203.2
1205.4
1181.7
1170.5
1164.4
1163.7
1156.9
1145.4
1142.3
1134.6
1124.0
1122.7
1124.7
1109.6
1097.0
1092.5
1089.0
1086.5
1079.8
1068.1
1066.8
1053.2
1059.4
1048.4
1037.9
1049.3
1034.9
1035.5
1019.8
1017.2
1013.8
1012.2
1004.5
996.6
1000.9
990.7
981.9
975.7
972.0
982.8
974.2
967.3
962.4
962.8
962.1
939.2
935.7
936.9
925.7
931.4
937.1
920.8
925.3
914.3
912.9
910.4
919.9
916.2
910.7
936.9
916.0
914.0
897.7
907.4
911.8
908.5
901.1
907.3
903.5
899.0
895.3
906.3
897.1
900.4
895.7
893.9
885.4
895.6
886.7
891.2
887.3
897.9
883.2
885.4
887.3
885.8
881.4
878.5
879.7
870.7
879.3
883.3
877.0
882.4
878.6
876.6
882.4
877.4
882.8
875.5
884.0
867.2
882.1
874.4
874.6
869.2
880.6
881.4
875.2
869.7
870.4
876.5
876.3
884.6
865.3
873.4
872.1
875.8
878.3
870.9
871.2
870.9
865.5
868.6
871.5
874.3
874.0
874.7
877.3
878.4
873.1
876.8
886.1
870.8
872.6
867.7
868.0
874.9
870.3
864.3
863.8
864.2
870.8
870.6
866.2
867.5
865.2
870.4
867.6
866.2
873.1
861.3
867.3
874.3
870.0
870.8
866.5
862.1
863.7
863.1
864.6
860.9
864.0
869.0
867.9
863.5
866.0
863.5
872.1
876.3
875.2
867.5
867.9
865.6
875.4
868.1
866.5
862.9
864.1
870.3
871.6
871.1
868.3
864.3
861.4
861.2
865.3
869.4
869.5
862.6
873.1
863.5
868.6
867.9
868.1
866.8
865.3
867.9
859.5
856.7
865.4
858.7
861.7
861.9
863.3
864.8
859.9
867.5
860.0
857.9
868.6
856.9
861.2
864.1
868.4
863.7
863.5
861.4
863.1
856.3
863.3
865.0
859.5
861.7
862.6
857.3
860.2
862.4
868.3
861.2
859.3
865.9
863.8
860.6
862.7
866.8
864.7
868.0
859.1
861.2
864.4
863.9
858.5
859.4
859.6
871.5
861.2
864.2
857.9
853.9
860.0
859.2
859.1
856.3
869.6
866.1
861.9
860.6
857.4
863.0
857.5
869.9
864.8
859.8
865.1
857.0
852.6
858.7
854.5
860.1
855.7
852.9
858.6
865.5
852.3
859.8
859.1
858.1
855.0
858.4
858.0
870.3
856.1
857.4
857.5
861.2
857.1
867.6
865.5
858.0
855.7
864.3
863.9
864.1
860.7
863.3
859.1
856.5
861.4
867.3
864.2
860.0
862.7
869.6
862.6
859.4
864.7
856.3
863.3
855.9
858.4
855.6
862.3
859.4
865.2
863.0
868.4
864.0
863.5
868.6
862.9
865.8
867.3
860.5
860.1
872.1
864.7
865.2
861.2
867.0
863.3
863.7
866.8
861.4
858.4
869.0
866.3
855.2
859.0
858.3
855.6
859.7
861.1
860.3
859.5
860.8
858.5
862.5
866.9
857.3
870.0
862.4
860.1
863.7
868.3
856.1
862.7
863.5
865.9
863.5
869.3
863.5
858.2
861.5
871.3
867.4
867.0
862.6
865.3
865.4
862.1
868.1
864.5
871.4
857.7
858.4
867.2
867.3
869.1
860.5
863.2
858.8
867.5
868.2
861.7
865.4
863.3
866.6
864.2
863.2
863.3
857.2
867.1
867.1
860.5
863.7
859.1
860.8
862.9
866.8
870.3
863.7
862.5
864.8
865.1
859.1
861.2
863.2
869.4
863.7
862.9
868.2
857.9
866.0
867.0
862.7
863.6
866.5
861.2
860.1
862.7
860.6
857.8
863.2
866.8
857.6
866.4
865.5
872.6
865.1
867.5
862.6
864.5
867.7
861.4
867.9
863.1
870.1
867.4
874.6
871.5
868.2
863.5
871.9
865.3
866.0
871.1
867.9
865.3
864.8
861.5
864.9
862.1
866.8
864.0
864.1
864.8
864.4
872.2
863.7
863.8
861.0
868.5
865.7
863.4
867.8
864.7
863.9
860.3
869.9
862.9
862.8
864.3
867.3
865.3
862.0
865.2
869.4
864.4
861.0
871.2
867.3
862.9
869.7
856.8
865.4
864.5
860.7
862.8
865.3
873.4
861.4
865.4
863.7
862.5
858.6
860.0
865.0
862.8
869.2
876.4
871.1
862.1
863.5
859.3
865.8
858.7
867.4
865.2
862.5
862.3
864.7
862.8
867.9
860.0
860.8
859.9
863.0
868.2
865.5
862.2
871.6
866.1
859.5
868.6
863.9
865.6
867.5
862.5
868.8
870.9
864.8
862.8
863.3
866.2
859.7
857.6
863.6
862.2
861.9
863.7
860.3
867.7
867.3
868.7
862.5
863.8
867.6
864.8
862.9
865.1
861.2
869.9
870.1
872.4
865.5
861.4
862.9
859.9
861.4
868.7
862.1
861.8
860.8
866.8
860.6
863.7
865.6
863.8
869.0
868.3
866.5
862.2
862.9
864.1
861.7
859.0
870.5
864.9
863.9
864.1
863.1
863.4
863.4
873.4
865.3
864.6
867.0
864.5
874.2
870.4
864.1
873.5
863.9
864.2
860.1
863.1
863.9
866.1
863.2
859.1
862.2
871.0
866.7
860.7
866.7
866.7
864.4
866.5
864.2
865.0
864.5
869.7
861.1
867.9
867.4
868.9
866.0
866.6
863.7
862.8
862.3
862.2
866.3
866.2
857.3
862.2
872.2
865.9
862.2
863.0
864.2
866.5
862.1
865.0
865.8
866.1
865.6
864.4
863.1
865.6
859.9
863.3
863.8
862.0
866.2
866.8
862.3
856.9
864.1
867.8
870.3
862.2
859.8
866.1
862.2
867.4
862.1
866.9
866.2
870.9
863.6
859.0
864.8
872.7
861.9
862.0
864.6
865.3
859.6
870.6
867.5
869.8
867.9
870.7
869.4
864.3
865.4
867.8
858.9
870.2
862.1
867.2
865.6
870.3
865.2
861.4
867.7
866.7
866.6
869.1
865.1
864.2
865.8
865.3
862.1
865.2
875.9
866.0
867.5
861.6
861.7
867.7
865.4
865.0
864.5
865.5
874.7
871.8
870.6
863.3
861.3
862.0
862.9
865.7
866.4
861.7
867.0
865.4
876.4
863.0
870.7
866.1
870.3
865.5
865.6
859.6
863.3
867.9
863.5
867.4
864.2
864.2
860.9
864.8
864.7
865.6
866.6
871.8
863.0
865.2
863.5
858.7
864.1
864.0
863.6
870.9
861.6
866.2
865.9
864.0
869.7
862.0
868.5
868.0
866.0
863.0
867.2
866.8
869.4
868.9
868.5
862.6
873.0
870.9
870.1
864.7
866.6
868.2
864.0
866.3
863.7
866.5
870.6
861.3
868.6
869.1
864.1
869.1
866.5
863.5
868.5
862.0
862.3
868.4
864.2
863.2
869.0
867.6
865.0
861.7
868.9
862.7
864.9
863.1
869.5
862.9
866.3
867.1
868.1
866.2
865.7
870.8
869.7
866.4
868.1
869.7
871.8
864.5
867.6
861.6
861.9
867.5
865.6
869.3
866.0
869.2
871.3
864.6
870.2
869.3
868.1
865.6
869.4
867.2
862.1
866.4
872.3
868.4
867.5
868.5
870.8
869.0
870.1
866.1
867.7
866.8
861.8
864.0
867.9
866.5
870.1
865.3
867.2
869.3
876.1
869.5
866.5
866.8
867.8
876.1
864.7
863.8
864.7
868.0
868.1
866.8
865.4
868.5
870.2
869.6
865.8
859.9
867.5
869.1
865.3
867.9
865.3
866.3
871.5
871.5
871.4
867.8
869.6
868.3
873.1
867.3
868.8
867.4
864.4
863.6
875.6
871.9
868.9
869.7
867.4
866.4
866.1
868.5
865.9
866.6
866.9
865.6
866.3
864.5
866.1
872.1
868.0
869.8
869.5
864.3
868.1
868.5
870.3
869.7
863.4
866.2
866.3
865.0
869.3
861.2
871.6
871.5
872.4
863.2
867.4
863.3
865.6
875.6
867.8
863.0
864.9
864.3
865.4
865.2
861.6
862.2
875.8
871.6
866.3
867.5
868.3
868.6
873.8
867.6
868.9
872.7
873.9
872.4
871.1
872.5
865.7
873.3
868.4
871.6
872.1
870.3
863.5
869.3
867.2
869.7
868.4
869.9
869.9
870.4
869.6
869.2
871.4
870.9
863.2
869.2
867.9
865.6
868.0
867.3
867.7
869.2
868.9
867.2
870.4
867.9
868.0
868.5
866.6
869.9
866.3
864.7
867.5
866.5
870.8
863.7
870.6
867.5
864.3
last val_ppl: 852.3
last test_ppl: 1177.0