2804.4
1960.9
1704.4
1588.6
1518.4
1483.6
1445.3
1417.5
1376.6
1352.6
1328.3
1319.3
1289.0
1268.8
1256.1
1234.9
1218.0
1183.8
1177.2
1152.3
1140.8
1116.3
1098.3
1082.6
1076.5
1057.4
1061.0
1043.7
1045.6
1033.7
1025.8
1020.5
1008.5
1012.6
1008.2
992.5
993.6
980.7
976.6
974.9
976.4
951.0
962.6
952.8
942.2
941.7
945.7
932.3
935.2
923.9
927.7
924.6
914.3
917.6
915.4
908.7
908.4
901.3
902.9
895.0
896.7
897.7
893.8
901.8
880.3
887.9
885.4
882.0
878.5
881.8
873.8
880.5
881.9
872.7
881.4
872.2
877.9
872.2
875.0
867.3
867.5
878.3
862.0
877.0
874.5
865.0
867.3
860.5
870.6
867.2
867.6
862.0
862.7
857.0
868.4
864.9
861.3
868.3
852.3
860.4
856.6
866.4
857.6
856.3
856.3
849.7
861.1
849.6
855.5
858.0
852.8
853.2
859.8
853.8
854.2
850.5
855.2
849.3
846.8
850.4
851.3
851.8
856.3
846.6
845.3
856.4
845.8
850.4
853.7
855.0
852.2
846.0
840.9
848.1
849.1
846.9
855.9
854.0
859.2
847.7
855.2
849.8
847.9
845.5
845.1
841.9
853.0
853.3
852.1
843.2
845.3
837.8
842.7
843.4
851.2
836.7
850.6
847.7
843.7
846.6
841.1
844.4
846.9
847.3
844.9
841.6
843.3
843.8
837.6
848.8
843.4
844.0
844.5
849.6
838.8
839.8
840.2
845.5
842.2
842.4
847.8
850.2
842.0
827.4
836.8
840.9
838.5
842.9
837.0
838.9
837.5
834.8
843.6
835.6
840.6
840.7
826.7
852.2
839.6
834.5
837.7
837.8
841.4
841.1
835.8
849.2
839.0
842.7
831.1
837.6
830.5
833.8
838.6
842.9
840.3
837.8
842.2
830.2
835.3
833.4
836.1
838.7
837.0
836.2
835.2
839.5
845.5
831.2
836.3
836.2
829.8
831.7
841.7
840.9
843.0
842.6
834.9
832.1
831.8
830.6
837.8
828.7
843.5
829.1
833.8
836.2
838.2
832.9
836.6
837.6
835.6
836.8
843.1
838.1
832.3
828.4
837.4
829.9
840.7
842.5
838.0
834.9
836.0
838.3
849.4
827.6
837.8
833.2
832.8
835.4
832.2
827.3
834.0
842.5
834.9
828.6
827.4
838.3
838.0
827.4
838.9
829.6
832.6
827.9
832.3
827.1
835.9
841.8
829.0
832.4
841.2
833.8
831.9
833.4
833.5
831.5
829.6
829.4
832.1
830.1
826.9
825.4
838.3
824.5
832.4
835.3
837.4
832.8
841.1
826.9
833.1
832.7
842.2
835.8
827.8
825.4
825.4
830.7
837.7
831.6
822.5
829.5
827.5
824.8
838.1
828.1
835.5
835.2
826.1
833.4
836.3
823.8
834.2
834.3
837.9
835.6
829.4
833.7
834.8
832.9
827.7
828.0
835.2
832.2
830.5
827.9
837.8
836.3
833.4
831.4
825.4
838.2
830.8
835.8
835.2
832.8
834.9
831.7
823.7
830.9
830.4
835.7
827.3
829.6
827.5
835.6
831.9
836.4
831.7
830.9
828.8
828.8
832.1
825.0
833.4
835.9
834.6
835.8
829.3
834.5
836.2
830.6
827.9
835.4
831.2
836.0
831.2
829.4
828.1
834.8
835.2
828.6
830.4
834.6
841.2
829.5
838.9
829.4
843.9
833.3
829.2
831.1
831.5
832.4
824.4
826.8
833.1
835.4
839.6
832.9
833.3
837.1
835.5
838.6
831.1
834.6
832.4
834.4
836.3
836.6
841.9
837.5
829.3
835.3
833.1
830.0
830.4
835.3
833.3
836.4
835.2
833.1
834.2
839.1
831.7
838.5
834.5
833.2
837.6
843.0
840.8
843.8
836.2
837.8
842.1
836.9
828.4
829.0
835.9
829.8
833.4
832.4
835.1
837.9
836.8
829.8
833.8
839.1
838.0
842.7
835.5
831.0
830.3
837.9
837.6
834.5
840.1
830.5
837.2
829.9
832.1
826.5
828.0
832.5
833.8
837.3
830.8
836.7
841.0
837.6
835.7
830.2
835.8
833.3
833.2
841.0
840.3
839.8
834.4
830.9
837.9
836.0
842.5
829.0
833.0
837.5
833.2
836.1
834.2
836.4
842.5
835.9
843.9
831.3
838.9
836.3
835.6
837.7
834.6
844.2
832.0
834.5
832.0
833.1
837.6
834.6
834.7
834.3
836.7
841.1
830.9
832.3
837.7
838.7
842.9
839.6
837.9
844.7
836.1
838.5
835.5
836.1
839.9
846.5
841.9
841.3
841.0
838.4
847.5
835.0
835.2
839.1
844.0
840.3
835.7
839.8
838.9
844.6
830.1
829.3
831.9
834.3
834.6
839.6
838.2
842.4
846.1
834.8
833.6
828.7
838.3
833.0
834.3
835.6
840.3
829.9
836.2
832.2
832.7
840.4
838.6
831.7
834.3
840.8
839.7
844.0
838.9
835.8
834.6
833.5
839.9
843.4
837.7
837.3
840.3
836.9
837.8
843.1
834.3
843.0
833.8
834.3
840.7
839.2
839.0
838.2
834.7
842.5
842.0
840.2
835.3
839.5
840.1
837.4
833.1
841.8
835.3
836.1
834.6
839.3
837.8
837.3
837.2
841.8
842.7
844.1
836.8
838.0
840.4
836.9
842.8
840.5
838.3
834.8
838.1
834.6
841.2
836.9
837.8
840.6
840.2
840.7
837.1
836.6
844.4
842.2
843.4
835.8
838.4
836.6
847.9
845.2
844.7
842.3
838.4
837.6
846.0
840.1
840.2
845.5
842.1
840.5
843.6
841.6
840.9
839.4
841.6
838.0
841.7
844.3
843.9
843.4
839.7
842.3
840.5
843.8
846.9
841.2
840.0
837.2
837.7
844.1
841.0
843.1
843.7
842.7
843.9
838.2
843.9
841.0
842.2
835.5
838.9
840.0
838.9
845.5
842.0
842.3
840.9
839.8
842.8
843.1
838.8
842.1
841.6
838.2
840.8
842.0
840.4
841.9
842.0
841.9
841.4
845.3
840.5
840.3
841.9
839.9
845.1
841.2
848.6
841.0
839.5
839.8
843.8
836.9
836.1
841.7
838.8
837.6
839.3
840.3
838.8
839.8
839.5
841.8
838.8
840.9
837.7
840.3
836.5
843.6
839.6
837.1
842.4
837.8
843.8
839.2
840.8
842.1
845.6
840.7
841.7
837.2
843.9
845.8
842.6
841.4
839.8
842.5
841.2
839.2
837.5
844.3
839.4
840.1
842.8
847.0
844.8
840.8
843.9
846.4
846.5
846.4
841.7
842.0
845.7
837.7
843.3
847.1
840.7
837.4
844.2
847.5
843.8
839.8
841.6
840.1
844.0
835.5
841.8
839.8
843.4
846.0
843.0
839.2
839.9
841.8
845.2
841.4
841.2
843.7
843.6
842.7
835.0
844.7
846.8
842.1
847.5
843.6
844.6
838.4
844.7
841.8
837.7
842.8
842.0
843.7
839.2
841.0
842.2
846.5
847.0
842.3
843.7
842.3
841.6
841.6
842.2
844.2
844.5
842.9
844.9
842.0
846.2
842.9
845.7
841.4
846.3
841.2
839.8
844.5
842.3
841.2
843.9
843.5
841.6
841.1
843.6
838.5
845.8
844.6
837.7
846.0
838.0
841.5
842.8
842.6
841.2
843.2
842.4
844.4
842.1
844.4
844.3
848.1
846.3
844.4
844.4
841.4
841.1
846.4
843.8
845.9
845.5
844.2
849.1
839.0
841.7
850.0
842.1
839.9
842.4
838.7
844.8
843.6
844.2
845.3
845.5
849.3
850.5
844.8
848.4
845.8
843.8
846.0
840.2
842.9
841.9
837.7
840.0
840.5
844.6
841.2
846.5
844.4
844.5
845.8
842.3
847.2
845.3
842.8
846.1
842.3
839.8
844.0
841.4
845.5
846.9
841.2
847.1
845.0
846.0
847.9
850.6
848.5
852.3
851.4
850.8
849.9
845.8
845.0
846.0
848.4
844.5
847.4
842.7
844.6
844.9
843.0
844.5
846.6
852.2
845.5
843.7
846.5
841.6
845.7
844.0
846.8
847.8
849.1
850.1
844.4
848.2
846.8
845.6
843.9
848.0
850.7
850.9
849.3
849.2
849.0
851.9
844.7
848.7
847.4
847.3
849.1
847.5
846.9
846.7
843.5
845.8
846.6
848.5
846.4
846.0
842.7
844.8
841.7
847.7
843.8
845.2
848.8
848.3
848.0
844.4
853.2
851.3
844.4
845.0
844.1
849.2
847.4
843.5
845.3
842.4
847.2
843.5
847.5
845.1
847.9
847.2
846.2
847.3
852.2
853.7
last val_ppl: 822.5
last test_ppl: 1155.1